
host->dev: 06 18 00 00 00 00 00 00 00 00 00 00 00 00 00 00 00 00 00 00 00 00 00 00 00 00 00 00 00 00 00
dev->host: 06 18 00 00 00 00 00 00 00 00 00 00 00 00 00 00 00 00 00 00 00 00 00 00 00 00 00 00 00 00 00

host->dev: 06 14 00 00 00 00 00 00 00 00 00 00 00 00 00 00 00 00 00 00 00 00 00 00 00 00 00 00 00 00 00
dev->host: 06 14 01 00 00 00 00 00 00 00 00 00 00 00 00 00 00 00 00 00 00 00 00 00 00 00 00 00 00 00 00

=== Turned on headset ===

host->dev: 06 18 00 00 00 00 00 00 00 00 00 00 00 00 00 00 00 00 00 00 00 00 00 00 00 00 00 00 00 00 00
dev->host: 06 18 32 01 00 00 00 00 00 00 00 00 00 00 00 00 00 00 00 00 00 00 00 00 00 00 00 00 00 00 00

host->dev: 06 14 00 00 00 00 00 00 00 00 00 00 00 00 00 00 00 00 00 00 00 00 00 00 00 00 00 00 00 00 00
dev->host: 06 14 03 00 00 00 00 00 00 00 00 00 00 00 00 00 00 00 00 00 00 00 00 00 00 00 00 00 00 00 00

host->dev: 06 28 18 00 00 00 00 00 00 00 00 00 00 00 00 00 00 00 00 00 00 00 00 00 00 00 00 00 00 00 00
dev->host: 06 28 18 00 00 00 00 00 00 00 00 00 00 00 00 00 00 00 00 00 00 00 00 00 00 00 00 00 00 00 00

host->dev: 06 28 05 00 20 00 00 00 8d 00 00 00 00 00 00 00 00 00 00 00 00 00 00 00 00 00 00 00 00 00 00
dev->host: 06 28 05 00 20 00 00 00 8d 00 ff 00 00 ff 00 c0 ff 00 00 00 00 00 00 00 00 00 00 00 00 00 00

host->dev: 06 28 06 00 20 00 00 00 8e 00 00 00 00 00 00 00 00 00 00 00 00 00 00 00 00 00 00 00 00 00 00
dev->host: 06 28 06 00 20 00 00 00 8e 00 00 00 00 00 00 00 00 00 00 00 00 00 00 00 00 00 00 00 00 00 00

host->dev: 06 28 03 68 34 dc ac 39 55 00 00 00 00 00 00 00 00 00 00 00 00 00 00 00 00 00 00 00 00 00 00
dev->host: 06 28 03 68 34 dc ac 39 55 00 00 00 00 00 00 00 00 00 00 00 00 00 00 00 00 00 00 00 00 00 00

host->dev: 06 28 03 69 34 dc 2c 3a 56 00 00 00 00 00 00 00 00 00 00 00 00 00 00 00 00 00 00 00 00 00 00
dev->host: 06 28 03 69 34 dc 2c 3a 56 00 ff 00 00 ff 00 c0 ff 00 00 00 00 00 00 00 00 00 00 00 00 00 00

host->dev: 06 28 03 6a 34 dc ac 39 57 00 00 00 00 00 00 00 00 00 00 00 00 00 00 00 00 00 00 00 00 00 00
dev->host: 06 28 03 6a 34 dc ac 39 57 00 00 00 00 00 00 00 00 00 00 00 00 00 00 00 00 00 00 00 00 00 00

host->dev: 06 28 03 6b 00 00 80 3f 58 00 00 00 00 00 00 00 00 00 00 00 00 00 00 00 00 00 00 00 00 00 00
dev->host: 06 28 03 6b 00 00 80 3f 58 00 00 00 00 00 00 00 00 00 00 00 00 00 00 00 00 00 00 00 00 00 00

host->dev: 06 28 03 6c a2 57 f9 3f 59 00 00 00 00 00 00 00 00 00 00 00 00 00 00 00 00 00 00 00 00 00 00
dev->host: 06 28 03 6c a2 57 f9 3f 59 00 00 00 00 00 00 00 00 00 00 00 00 00 00 00 00 00 00 00 00 00 00

host->dev: 06 28 03 6d b4 05 73 bf 5a 00 00 00 00 00 00 00 00 00 00 00 00 00 00 00 00 00 00 00 00 00 00
dev->host: 06 28 03 6d b4 05 73 bf 5a 8d 00 ff 00 00 ff 00 c0 ff 00 00 00 00 00 00 00 00 00 00 00 00 00

host->dev: 06 28 03 60 01 00 00 00 5b 00 00 00 00 00 00 00 00 00 00 00 00 00 00 00 00 00 00 00 00 00 00
dev->host: 06 28 03 60 01 00 00 00 5b 8e 00 00 00 00 00 00 00 00 00 00 00 00 00 00 00 00 00 00 00 00 00

host->dev: 06 28 04 68 34 dc ac 39 71 00 00 00 00 00 00 00 00 00 00 00 00 00 00 00 00 00 00 00 00 00 00
dev->host: 06 28 04 68 34 dc ac 39 71 55 00 00 00 00 00 00 00 00 00 00 00 00 00 00 00 00 00 00 00 00 00

host->dev: 06 28 04 69 34 dc 2c 3a 72 00 00 00 00 00 00 00 00 00 00 00 00 00 00 00 00 00 00 00 00 00 00
dev->host: 06 28 04 69 34 dc 2c 3a 72 56 00 ff 00 00 ff 00 c0 ff 00 00 00 00 00 00 00 00 00 00 00 00 00

host->dev: 06 28 04 6a 34 dc ac 39 73 00 00 00 00 00 00 00 00 00 00 00 00 00 00 00 00 00 00 00 00 00 00
dev->host: 06 28 04 6a 34 dc ac 39 73 57 00 00 00 00 00 00 00 00 00 00 00 00 00 00 00 00 00 00 00 00 00

host->dev: 06 28 04 6b 00 00 80 3f 74 00 00 00 00 00 00 00 00 00 00 00 00 00 00 00 00 00 00 00 00 00 00
dev->host: 06 28 04 6b 00 00 80 3f 74 58 00 00 00 00 00 00 00 00 00 00 00 00 00 00 00 00 00 00 00 00 00

host->dev: 06 28 04 6c a2 57 f9 3f 75 00 00 00 00 00 00 00 00 00 00 00 00 00 00 00 00 00 00 00 00 00 00
dev->host: 06 28 04 6c a2 57 f9 3f 75 59 00 00 00 00 00 00 00 00 00 00 00 00 00 00 00 00 00 00 00 00 00

host->dev: 06 28 04 6d b4 05 73 bf 76 00 00 00 00 00 00 00 00 00 00 00 00 00 00 00 00 00 00 00 00 00 00
dev->host: 06 28 04 6d b4 05 73 bf 76 5a 8d 00 ff 00 00 ff 00 c0 ff 00 00 00 00 00 00 00 00 00 00 00 00

host->dev: 06 28 04 60 01 00 00 00 77 00 00 00 00 00 00 00 00 00 00 00 00 00 00 00 00 00 00 00 00 00 00
dev->host: 06 28 04 60 01 00 00 00 77 5b 8e 00 00 00 00 00 00 00 00 00 00 00 00 00 00 00 00 00 00 00 00

host->dev: 06 28 03 78 34 dc ac 39 5c 00 00 00 00 00 00 00 00 00 00 00 00 00 00 00 00 00 00 00 00 00 00
dev->host: 06 28 03 78 34 dc ac 39 5c 71 55 00 00 00 00 00 00 00 00 00 00 00 00 00 00 00 00 00 00 00 00

host->dev: 06 28 03 79 34 dc 2c 3a 5d 00 00 00 00 00 00 00 00 00 00 00 00 00 00 00 00 00 00 00 00 00 00
dev->host: 06 28 03 79 34 dc 2c 3a 5d 72 56 00 ff 00 00 ff 00 c0 ff 00 00 00 00 00 00 00 00 00 00 00 00

host->dev: 06 28 03 7a 34 dc ac 39 5e 00 00 00 00 00 00 00 00 00 00 00 00 00 00 00 00 00 00 00 00 00 00
dev->host: 06 28 03 7a 34 dc ac 39 5e 73 57 00 00 00 00 00 00 00 00 00 00 00 00 00 00 00 00 00 00 00 00

host->dev: 06 28 03 7b 00 00 80 3f 5f 00 00 00 00 00 00 00 00 00 00 00 00 00 00 00 00 00 00 00 00 00 00
dev->host: 06 28 03 7b 00 00 80 3f 5f 74 58 00 00 00 00 00 00 00 00 00 00 00 00 00 00 00 00 00 00 00 00

host->dev: 06 28 03 7c a2 57 f9 3f 60 00 00 00 00 00 00 00 00 00 00 00 00 00 00 00 00 00 00 00 00 00 00
dev->host: 06 28 03 7c a2 57 f9 3f 60 75 59 00 00 00 00 00 00 00 00 00 00 00 00 00 00 00 00 00 00 00 00

host->dev: 06 28 03 7d b4 05 73 bf 61 00 00 00 00 00 00 00 00 00 00 00 00 00 00 00 00 00 00 00 00 00 00
dev->host: 06 28 03 7d b4 05 73 bf 61 76 5a 8d 00 ff 00 00 ff 00 c0 00 00 00 00 00 00 00 00 00 00 00 00

host->dev: 06 28 03 70 01 00 00 00 62 00 00 00 00 00 00 00 00 00 00 00 00 00 00 00 00 00 00 00 00 00 00
dev->host: 06 28 03 70 01 00 00 00 62 77 5b 8e 00 00 00 00 00 00 00 00 00 00 00 00 00 00 00 00 00 00 00

host->dev: 06 28 04 78 34 dc ac 39 78 00 00 00 00 00 00 00 00 00 00 00 00 00 00 00 00 00 00 00 00 00 00
dev->host: 06 28 04 78 34 dc ac 39 78 5c 71 55 00 00 00 00 00 00 00 00 00 00 00 00 00 00 00 00 00 00 00

host->dev: 06 28 04 79 34 dc 2c 3a 79 00 00 00 00 00 00 00 00 00 00 00 00 00 00 00 00 00 00 00 00 00 00
dev->host: 06 28 04 79 34 dc 2c 3a 79 5d 72 56 00 ff 00 00 ff 00 c0 00 00 00 00 00 00 00 00 00 00 00 00

host->dev: 06 28 04 7a 34 dc ac 39 7a 00 00 00 00 00 00 00 00 00 00 00 00 00 00 00 00 00 00 00 00 00 00
dev->host: 06 28 04 7a 34 dc ac 39 7a 5e 73 57 00 00 00 00 00 00 00 00 00 00 00 00 00 00 00 00 00 00 00

host->dev: 06 28 04 7b 00 00 80 3f 7b 00 00 00 00 00 00 00 00 00 00 00 00 00 00 00 00 00 00 00 00 00 00
dev->host: 06 28 04 7b 00 00 80 3f 7b 5f 74 58 00 00 00 00 00 00 00 00 00 00 00 00 00 00 00 00 00 00 00

host->dev: 06 28 04 7c a2 57 f9 3f 7c 00 00 00 00 00 00 00 00 00 00 00 00 00 00 00 00 00 00 00 00 00 00
dev->host: 06 28 04 7c a2 57 f9 3f 7c 60 75 59 00 00 00 00 00 00 00 00 00 00 00 00 00 00 00 00 00 00 00

host->dev: 06 28 04 7d b4 05 73 bf 7d 00 00 00 00 00 00 00 00 00 00 00 00 00 00 00 00 00 00 00 00 00 00
dev->host: 06 28 04 7d b4 05 73 bf 7d 61 76 5a 8d 00 ff 00 00 ff 00 00 00 00 00 00 00 00 00 00 00 00 00

host->dev: 06 28 04 70 01 00 00 00 7e 00 00 00 00 00 00 00 00 00 00 00 00 00 00 00 00 00 00 00 00 00 00
dev->host: 06 28 04 70 01 00 00 00 7e 62 77 5b 8e 00 00 00 00 00 00 00 00 00 00 00 00 00 00 00 00 00 00

host->dev: 06 28 03 88 3e 6d 79 3f 63 00 00 00 00 00 00 00 00 00 00 00 00 00 00 00 00 00 00 00 00 00 00
dev->host: 06 28 03 88 3e 6d 79 3f 63 78 5c 71 55 00 00 00 00 00 00 00 00 00 00 00 00 00 00 00 00 00 00

host->dev: 06 28 03 89 3e 6d f9 bf 64 00 00 00 00 00 00 00 00 00 00 00 00 00 00 00 00 00 00 00 00 00 00
dev->host: 06 28 03 89 3e 6d f9 bf 64 79 5d 72 56 00 ff 00 00 ff 00 00 00 00 00 00 00 00 00 00 00 00 00

host->dev: 06 28 03 8a 3e 6d 79 3f 65 00 00 00 00 00 00 00 00 00 00 00 00 00 00 00 00 00 00 00 00 00 00
dev->host: 06 28 03 8a 3e 6d 79 3f 65 7a 5e 73 57 00 00 00 00 00 00 00 00 00 00 00 00 00 00 00 00 00 00

host->dev: 06 28 03 8b 00 00 80 3f 66 00 00 00 00 00 00 00 00 00 00 00 00 00 00 00 00 00 00 00 00 00 00
dev->host: 06 28 03 8b 00 00 80 3f 66 7b 5f 74 58 00 00 00 00 00 00 00 00 00 00 00 00 00 00 00 00 00 00

host->dev: 06 28 03 8c a2 57 f9 3f 67 00 00 00 00 00 00 00 00 00 00 00 00 00 00 00 00 00 00 00 00 00 00
dev->host: 06 28 03 8c a2 57 f9 3f 67 7c 60 75 59 00 00 00 00 00 00 00 00 00 00 00 00 00 00 00 00 00 00

host->dev: 06 28 03 8d b4 05 73 bf 68 00 00 00 00 00 00 00 00 00 00 00 00 00 00 00 00 00 00 00 00 00 00
dev->host: 06 28 03 8d b4 05 73 bf 68 7d 61 76 5a 8d 00 ff 00 00 ff 00 00 00 00 00 00 00 00 00 00 00 00

host->dev: 06 28 03 80 01 00 00 00 69 00 00 00 00 00 00 00 00 00 00 00 00 00 00 00 00 00 00 00 00 00 00
dev->host: 06 28 03 80 01 00 00 00 69 7e 62 77 5b 8e 00 00 00 00 00 00 00 00 00 00 00 00 00 00 00 00 00

host->dev: 06 28 04 88 3e 6d 79 3f 7f 00 00 00 00 00 00 00 00 00 00 00 00 00 00 00 00 00 00 00 00 00 00
dev->host: 06 28 04 88 3e 6d 79 3f 7f 63 78 5c 71 55 00 00 00 00 00 00 00 00 00 00 00 00 00 00 00 00 00

host->dev: 06 28 04 89 3e 6d f9 bf 80 00 00 00 00 00 00 00 00 00 00 00 00 00 00 00 00 00 00 00 00 00 00
dev->host: 06 28 04 89 3e 6d f9 bf 80 64 79 5d 72 56 00 ff 00 00 ff 00 00 00 00 00 00 00 00 00 00 00 00

host->dev: 06 28 04 8a 3e 6d 79 3f 81 00 00 00 00 00 00 00 00 00 00 00 00 00 00 00 00 00 00 00 00 00 00
dev->host: 06 28 04 8a 3e 6d 79 3f 81 65 7a 5e 73 57 00 00 00 00 00 00 00 00 00 00 00 00 00 00 00 00 00

host->dev: 06 28 04 8b 00 00 80 3f 82 00 00 00 00 00 00 00 00 00 00 00 00 00 00 00 00 00 00 00 00 00 00
dev->host: 06 28 04 8b 00 00 80 3f 82 66 7b 5f 74 58 00 00 00 00 00 00 00 00 00 00 00 00 00 00 00 00 00

host->dev: 06 28 04 8c a2 57 f9 3f 83 00 00 00 00 00 00 00 00 00 00 00 00 00 00 00 00 00 00 00 00 00 00
dev->host: 06 28 04 8c a2 57 f9 3f 83 67 7c 60 75 59 00 00 00 00 00 00 00 00 00 00 00 00 00 00 00 00 00

host->dev: 06 28 04 8d b4 05 73 bf 84 00 00 00 00 00 00 00 00 00 00 00 00 00 00 00 00 00 00 00 00 00 00
dev->host: 06 28 04 8d b4 05 73 bf 84 68 7d 61 76 5a 8d 00 ff 00 00 00 00 00 00 00 00 00 00 00 00 00 00

host->dev: 06 28 04 80 01 00 00 00 85 00 00 00 00 00 00 00 00 00 00 00 00 00 00 00 00 00 00 00 00 00 00
dev->host: 06 28 04 80 01 00 00 00 85 69 7e 62 77 5b 8e 00 00 00 00 00 00 00 00 00 00 00 00 00 00 00 00

host->dev: 06 28 03 98 3e 6d 79 3f 6a 00 00 00 00 00 00 00 00 00 00 00 00 00 00 00 00 00 00 00 00 00 00
dev->host: 06 28 03 98 3e 6d 79 3f 6a 7f 63 78 5c 71 55 00 00 00 00 00 00 00 00 00 00 00 00 00 00 00 00

host->dev: 06 28 03 99 3e 6d f9 bf 6b 00 00 00 00 00 00 00 00 00 00 00 00 00 00 00 00 00 00 00 00 00 00
dev->host: 06 28 03 99 3e 6d f9 bf 6b 80 64 79 5d 72 56 00 ff 00 00 00 00 00 00 00 00 00 00 00 00 00 00

host->dev: 06 28 03 9a 3e 6d 79 3f 6c 00 00 00 00 00 00 00 00 00 00 00 00 00 00 00 00 00 00 00 00 00 00
dev->host: 06 28 03 9a 3e 6d 79 3f 6c 81 65 7a 5e 73 57 00 00 00 00 00 00 00 00 00 00 00 00 00 00 00 00

host->dev: 06 28 03 9b 00 00 80 3f 6d 00 00 00 00 00 00 00 00 00 00 00 00 00 00 00 00 00 00 00 00 00 00
dev->host: 06 28 03 9b 00 00 80 3f 6d 82 66 7b 5f 74 58 00 00 00 00 00 00 00 00 00 00 00 00 00 00 00 00

host->dev: 06 28 03 9c a2 57 f9 3f 6e 00 00 00 00 00 00 00 00 00 00 00 00 00 00 00 00 00 00 00 00 00 00
dev->host: 06 28 03 9c a2 57 f9 3f 6e 83 67 7c 60 75 59 00 00 00 00 00 00 00 00 00 00 00 00 00 00 00 00

host->dev: 06 28 03 9d b4 05 73 bf 6f 00 00 00 00 00 00 00 00 00 00 00 00 00 00 00 00 00 00 00 00 00 00
dev->host: 06 28 03 9d b4 05 73 bf 6f 84 68 7d 61 76 5a 8d 00 ff 00 00 00 00 00 00 00 00 00 00 00 00 00

host->dev: 06 28 03 90 01 00 00 00 70 00 00 00 00 00 00 00 00 00 00 00 00 00 00 00 00 00 00 00 00 00 00
dev->host: 06 28 03 90 01 00 00 00 70 85 69 7e 62 77 5b 8e 00 00 00 00 00 00 00 00 00 00 00 00 00 00 00

host->dev: 06 28 04 98 3e 6d 79 3f 86 00 00 00 00 00 00 00 00 00 00 00 00 00 00 00 00 00 00 00 00 00 00
dev->host: 06 28 04 98 3e 6d 79 3f 86 6a 7f 63 78 5c 71 55 00 00 00 00 00 00 00 00 00 00 00 00 00 00 00

host->dev: 06 28 04 99 3e 6d f9 bf 87 00 00 00 00 00 00 00 00 00 00 00 00 00 00 00 00 00 00 00 00 00 00
dev->host: 06 28 04 99 3e 6d f9 bf 87 6b 80 64 79 5d 72 56 00 ff 00 00 00 00 00 00 00 00 00 00 00 00 00

host->dev: 06 28 04 9a 3e 6d 79 3f 88 00 00 00 00 00 00 00 00 00 00 00 00 00 00 00 00 00 00 00 00 00 00
dev->host: 06 28 04 9a 3e 6d 79 3f 88 6c 81 65 7a 5e 73 57 00 00 00 00 00 00 00 00 00 00 00 00 00 00 00

host->dev: 06 28 04 9b 00 00 80 3f 89 00 00 00 00 00 00 00 00 00 00 00 00 00 00 00 00 00 00 00 00 00 00
dev->host: 06 28 04 9b 00 00 80 3f 89 6d 82 66 7b 5f 74 58 00 00 00 00 00 00 00 00 00 00 00 00 00 00 00

host->dev: 06 28 04 9c a2 57 f9 3f 8a 00 00 00 00 00 00 00 00 00 00 00 00 00 00 00 00 00 00 00 00 00 00
dev->host: 06 28 04 9c a2 57 f9 3f 8a 6e 83 67 7c 60 75 59 00 00 00 00 00 00 00 00 00 00 00 00 00 00 00

host->dev: 06 28 04 9d b4 05 73 bf 8b 00 00 00 00 00 00 00 00 00 00 00 00 00 00 00 00 00 00 00 00 00 00
dev->host: 06 28 04 9d b4 05 73 bf 8b 6f 84 68 7d 61 76 5a 8d 00 ff 00 00 00 00 00 00 00 00 00 00 00 00

host->dev: 06 28 04 90 01 00 00 00 8c 00 00 00 00 00 00 00 00 00 00 00 00 00 00 00 00 00 00 00 00 00 00
dev->host: 06 28 04 90 01 00 00 00 8c 70 85 69 7e 62 77 5b 8e 00 00 00 00 00 00 00 00 00 00 00 00 00 00

host->dev: 06 28 07 10 67 00 00 00 91 00 00 00 00 00 00 00 00 00 00 00 00 00 00 00 00 00 00 00 00 00 00
dev->host: 06 28 07 10 67 00 00 00 91 86 6a 7f 63 78 5c 71 55 00 00 00 00 00 00 00 00 00 00 00 00 00 00

host->dev: 06 28 07 20 f6 00 00 00 92 00 00 00 00 00 00 00 00 00 00 00 00 00 00 00 00 00 00 00 00 00 00
dev->host: 06 28 07 20 f6 00 00 00 92 87 6b 80 64 79 5d 72 56 00 ff 00 00 00 00 00 00 00 00 00 00 00 00

host->dev: 06 28 07 02 00 00 00 00 93 00 00 00 00 00 00 00 00 00 00 00 00 00 00 00 00 00 00 00 00 00 00
dev->host: 06 28 07 02 00 00 00 00 93 88 6c 81 65 7a 5e 73 57 00 00 00 00 00 00 00 00 00 00 00 00 00 00

host->dev: 06 28 07 11 67 00 00 00 96 00 00 00 00 00 00 00 00 00 00 00 00 00 00 00 00 00 00 00 00 00 00
dev->host: 06 28 07 11 67 00 00 00 96 89 6d 82 66 7b 5f 74 58 00 00 00 00 00 00 00 00 00 00 00 00 00 00

host->dev: 06 28 07 21 f6 00 00 00 97 00 00 00 00 00 00 00 00 00 00 00 00 00 00 00 00 00 00 00 00 00 00
dev->host: 06 28 07 21 f6 00 00 00 97 8a 6e 83 67 7c 60 75 59 00 00 00 00 00 00 00 00 00 00 00 00 00 00

host->dev: 06 28 07 03 00 00 00 00 98 00 00 00 00 00 00 00 00 00 00 00 00 00 00 00 00 00 00 00 00 00 00
dev->host: 06 28 07 03 00 00 00 00 98 8b 6f 84 68 7d 61 76 5a 8d 00 00 00 00 00 00 00 00 00 00 00 00 00

host->dev: 06 10 00 00 00 00 00 00 00 00 00 00 00 00 00 00 00 00 00 00 00 00 00 00 00 00 00 00 00 00 00
dev->host: 06 10 13 01 13 01 00 00 96 8c 70 85 69 7e 62 77 5b 8e 00 00 00 00 00 00 00 00 00 00 00 00 00

host->dev: 06 28 03 00 00 00 00 00 07 00 00 00 00 00 00 00 00 00 00 00 00 00 00 00 00 00 00 00 00 00 00
dev->host: 06 28 03 00 00 00 00 00 07 91 86 6a 7f 63 78 5c 71 55 00 00 00 00 00 00 00 00 00 00 00 00 00

host->dev: 06 28 04 00 00 00 00 00 31 00 00 00 00 00 00 00 00 00 00 00 00 00 00 00 00 00 00 00 00 00 00
dev->host: 06 28 04 00 00 00 00 00 31 92 87 6b 80 64 79 5d 72 56 00 00 00 00 00 00 00 00 00 00 00 00 00

host->dev: 06 55 01 02 00 00 00 00 00 00 00 00 00 00 00 00 00 00 00 00 00 00 00 00 00 00 00 00 00 00 00

host->dev: 06 45 01 00 00 00 00 00 00 00 00 00 00 00 00 00 00 00 00 00 00 00 00 00 00 00 00 00 00 00 00

host->dev: 06 33 00 64 00 00 00 00 00 00 00 00 00 00 00 00 00 00 00 00 00 00 00 00 00 00 00 00 00 00 00

host->dev: 06 28 03 20 00 00 00 00 15 00 00 00 00 00 00 00 00 00 00 00 00 00 00 00 00 00 00 00 00 00 00
dev->host: 06 28 03 20 00 00 00 00 15 91 86 6a 7f 63 78 5c 71 55 00 00 00 00 00 00 00 00 00 00 00 00 00

host->dev: 06 28 04 20 00 00 00 00 3f 00 00 00 00 00 00 00 00 00 00 00 00 00 00 00 00 00 00 00 00 00 00
dev->host: 06 28 04 20 00 00 00 00 3f 92 87 6b 80 64 79 5d 72 56 00 00 00 00 00 00 00 00 00 00 00 00 00

host->dev: 06 28 03 10 00 00 00 00 0e 00 00 00 00 00 00 00 00 00 00 00 00 00 00 00 00 00 00 00 00 00 00
dev->host: 06 28 03 10 00 00 00 00 0e 00 00 00 00 00 00 00 00 00 00 00 00 00 00 00 00 00 00 00 00 00 00

host->dev: 06 28 04 10 00 00 00 00 38 00 00 00 00 00 00 00 00 00 00 00 00 00 00 00 00 00 00 00 00 00 00
dev->host: 06 28 04 10 00 00 00 00 38 96 8c 70 85 69 7e 62 77 5b 8e 00 00 00 00 00 00 00 00 00 00 00 00

host->dev: 06 35 00 00 00 00 00 00 00 00 00 00 00 00 00 00 00 00 00 00 00 00 00 00 00 00 00 00 00 00 00

host->dev: 06 28 03 40 00 00 00 00 23 00 00 00 00 00 00 00 00 00 00 00 00 00 00 00 00 00 00 00 00 00 00
dev->host: 06 28 03 40 00 00 00 00 23 92 87 6b 80 64 79 5d 72 56 00 00 00 00 00 00 00 00 00 00 00 00 00

host->dev: 06 28 04 40 00 00 00 00 4d 00 00 00 00 00 00 00 00 00 00 00 00 00 00 00 00 00 00 00 00 00 00
dev->host: 06 28 04 40 00 00 00 00 4d 0e 00 00 00 00 00 00 00 00 00 00 00 00 00 00 00 00 00 00 00 00 00

host->dev: 06 28 07 08 78 00 00 00 8f 00 00 00 00 00 00 00 00 00 00 00 00 00 00 00 00 00 00 00 00 00 00
dev->host: 06 28 07 08 78 00 00 00 8f 38 96 8c 70 85 69 7e 62 77 5b 00 00 00 00 00 00 00 00 00 00 00 00

host->dev: 06 28 07 04 00 7f 00 00 90 00 00 00 00 00 00 00 00 00 00 00 00 00 00 00 00 00 00 00 00 00 00
dev->host: 06 28 07 04 00 7f 00 00 90 92 87 6b 80 64 79 5d 72 56 00 00 00 00 00 00 00 00 00 00 00 00 00

host->dev: 06 28 07 09 78 00 00 00 94 00 00 00 00 00 00 00 00 00 00 00 00 00 00 00 00 00 00 00 00 00 00
dev->host: 06 28 07 09 78 00 00 00 94 00 00 00 00 00 00 00 00 00 00 00 00 00 00 00 00 00 00 00 00 00 00

host->dev: 06 28 07 05 00 7f 00 00 95 00 00 00 00 00 00 00 00 00 00 00 00 00 00 00 00 00 00 00 00 00 00
dev->host: 06 28 07 05 00 7f 00 00 95 96 8c 70 85 69 7e 62 77 5b 8e 00 00 00 00 00 00 00 00 00 00 00 00

host->dev: 06 28 03 30 00 00 00 00 1c 00 00 00 00 00 00 00 00 00 00 00 00 00 00 00 00 00 00 00 00 00 00
dev->host: 06 28 03 30 00 00 00 00 1c 97 8a 6e 83 67 7c 60 75 59 00 00 00 00 00 00 00 00 00 00 00 00 00

host->dev: 06 28 04 30 00 00 00 00 46 00 00 00 00 00 00 00 00 00 00 00 00 00 00 00 00 00 00 00 00 00 00
dev->host: 06 28 04 30 00 00 00 00 46 00 ff 00 00 ff 00 c0 ff 5a 8d 00 00 00 00 00 00 00 00 00 00 00 00

host->dev: 06 51 1e 00 00 00 00 00 00 00 00 00 00 00 00 00 00 00 00 00 00 00 00 00 00 00 00 00 00 00 00

host->dev: 06 28 03 50 00 00 00 00 2a 00 00 00 00 00 00 00 00 00 00 00 00 00 00 00 00 00 00 00 00 00 00
dev->host: 06 28 03 50 00 00 00 00 2a 96 8c 70 85 69 7e 62 77 5b 8e 00 00 00 00 00 00 00 00 00 00 00 00

host->dev: 06 28 04 50 00 00 00 00 54 00 00 00 00 00 00 00 00 00 00 00 00 00 00 00 00 00 00 00 00 00 00
dev->host: 06 28 04 50 00 00 00 00 54 97 8a 6e 83 67 7c 60 75 59 00 00 00 00 00 00 00 00 00 00 00 00 00

host->dev: 06 09 00 00 00 00 00 00 00 00 00 00 00 00 00 00 00 00 00 00 00 00 00 00 00 00 00 00 00 00 00

host->dev: 06 10 00 00 00 00 00 00 00 00 00 00 00 00 00 00 00 00 00 00 00 00 00 00 00 00 00 00 00 00 00
dev->host: 06 10 13 01 13 01 00 00 00 46 00 ff 00 00 ff 00 c0 ff 5a 00 00 00 00 00 00 00 00 00 00 00 00

host->dev: 06 10 00 00 00 00 00 00 00 00 00 00 00 00 00 00 00 00 00 00 00 00 00 00 00 00 00 00 00 00 00
dev->host: 06 10 13 01 13 01 00 00 2a 96 8c 70 85 69 7e 62 77 5b 8e 00 00 00 00 00 00 00 00 00 00 00 00

host->dev: 06 10 00 00 00 00 00 00 00 00 00 00 00 00 00 00 00 00 00 00 00 00 00 00 00 00 00 00 00 00 00
dev->host: 06 10 13 01 13 01 00 00 54 97 8a 6e 83 67 7c 60 75 59 00 00 00 00 00 00 00 00 00 00 00 00 00

host->dev: 06 18 00 00 00 00 00 00 00 00 00 00 00 00 00 00 00 00 00 00 00 00 00 00 00 00 00 00 00 00 00
dev->host: 06 18 32 01 00 00 00 00 00 00 00 00 00 00 00 00 00 00 00 00 00 00 00 00 00 00 00 00 00 00 00

host->dev: 06 14 00 00 00 00 00 00 00 00 00 00 00 00 00 00 00 00 00 00 00 00 00 00 00 00 00 00 00 00 00
dev->host: 06 14 03 00 00 00 00 00 00 00 00 00 00 00 00 00 00 00 00 00 00 00 00 00 00 00 00 00 00 00 00

host->dev: 06 18 00 00 00 00 00 00 00 00 00 00 00 00 00 00 00 00 00 00 00 00 00 00 00 00 00 00 00 00 00
dev->host: 06 18 32 01 13 01 00 00 2a 96 8c 70 85 69 7e 62 77 5b 8e 00 00 00 00 00 00 00 00 00 00 00 00

host->dev: 06 14 00 00 00 00 00 00 00 00 00 00 00 00 00 00 00 00 00 00 00 00 00 00 00 00 00 00 00 00 00
dev->host: 06 14 03 00 00 00 00 00 00 00 00 00 00 00 00 00 00 00 00 00 00 00 00 00 00 00 00 00 00 00 00

=== Turned off headset ===

dev->host: 01 00 00 00 00

host->dev: 06 18 00 00 00 00 00 00 00 00 00 00 00 00 00 00 00 00 00 00 00 00 00 00 00 00 00 00 00 00 00
dev->host: 06 18 00 00 00 00 00 00 00 00 00 00 00 00 00 00 00 00 00 00 00 00 00 00 00 00 00 00 00 00 00

host->dev: 06 14 00 00 00 00 00 00 00 00 00 00 00 00 00 00 00 00 00 00 00 00 00 00 00 00 00 00 00 00 00
dev->host: 06 14 01 00 00 00 00 00 00 00 00 00 00 00 00 00 00 00 00 00 00 00 00 00 00 00 00 00 00 00 00